a=[1,2,3;4,5,6;7,8,9];
b=zeros(7,7);
b(3:5,3:5)=a;